0B|68|01|00|0F|00|01|06|64|01|00|00|00|00|01|01|00|00|00|01|09|FF|FB|00|00|00|00|00|00|00|00|00|00|00|00|00|00|00|00|00|00|00|00|00|00|00|00|00|00|00|00|00|00|00|00|00|00|00|00|00|00|00|00|00|
00|00|00|00|00|00|00|00|00|00|00|00|00|00|00|00|00|00|00|00|00|00|00|00|00|00|00|00|00|00|00|00|00|00|00|00|00|00|00|00|00|00|00|00|00|00|00|00|00|00|00|00|00|00|00|00|00|00|00|00|00|00|00|00|
00|00|00|00|00|00|00|00|00|00|00|00|00|00|00|00|00|00|00|00|00|00|00|00|00|00|00|00|00|00|00|00|00|00|00|00|00|00|00|00|00|00|00|00|00|00|00|00|00|00|00|00|00|00|00|00|00|00|00|00|00|00|00|00|
00|00|00|00|00|00|00|00|00|00|00|00|00|00|00|00|00|00|00|00|00|00|00|00|00|00|00|00|00|00|00|00|00|00|00|00|00|00|00|00|00|00|00|00|00|00|00|00|00|00|00|00|00|00|00|00|00|00|00|00|00|00|00|00|
00|00|00|00|00|00|00|00|00|00|00|00|00|00|00|00|00|00|00|00|00|00|00|00|00|00|00|00|00|00|00|00|00|00|00|00|00|00|00|00|00|00|00|00|00|00|00|00|00|00|00|00|00|00|00|00|00|00|00|00|00|00|00|00|
00|00|00|00|00|00|00|00|00|00|00|00|00|00|00|00|00|00|00|00|00|00|00|00|00|00|00|00|00|00|00|00|00|00|00|00|00|00|00|00|00|00|00|00|00|00|00|00|00|00|00|00|00|00|00|00|00|00|00|00|00|00|00|00|
00|00|00|00|00|00|00|00|00|00|00|00|00|00|00|00|00|00|00|00|00|00|00|00|00|00|00|00|00|00|00|00|00|00|00|00|00|00|00|00|00|00|00|00|00|00|00|00|00|00|00|00|00|00|00|00|00|00|00|00|00|00|00|00|
00|00|00|00|00|00|00|00|00|00|00|00|00|00|00|00|00|00|00|00|00|00|00|00|00|00|00|00|00|00|00|00|00|00|00|00|00|00|00|00|00|00|00|00|00|00|00|00|00|00|00|00|00|00|00|00|00|00|00|00|00|00|00|00|
00|00|00|00|00|00|00|00|00|00|00|00|00|00|00|00|00|00|00|00|00|00|00|00|00|00|00|00|00|00|00|00|00|00|00|00|00|00|00|00|00|00|00|00|00|00|00|00|00|00|00|00|00|00|00|00|00|00|00|00|00|00|00|00|
00|00|00|00|00|00|00|00|00|00|00|00|00|00|00|00|00|00|00|00|00|00|00|00|00|00|00|00|00|00|00|00|00|00|00|00|00|00|00|00|00|00|00|00|00|00|00|00|00|00|00|00|00|00|00|00|00|00|00|00|00|00|00|00|
00|00|00|00|00|00|00|00|00|00|00|00|00|00|00|00|00|00|00|00|00|00|00|00|00|00|00|00|00|00|00|00|00|00|00|00|00|00|00|00|00|00|00|00|00|00|00|00|00|00|00|00|00|00|00|00|00|00|00|00|00|00|00|00|
00|00|00|00|00|00|00|00|00|00|00|00|00|00|00|00|00|00|00|00|00|00|00|00|00|00|00|00|00|00|00|00|00|00|00|00|00|00|00|00|00|00|00|00|00|00|00|00|00|00|00|00|00|00|00|00|00|00|00|00|00|00|00|00|
00|00|00|00|00|00|00|00|00|00|00|00|00|00|00|00|00|00|00|00|00|00|00|00|00|00|00|00|00|00|00|00|00|00|00|00|00|00|00|00|00|00|00|00|00|00|00|00|00|00|00|00|00|00|00|00|00|00|00|00|00|00|00|00|
00|00|00|00|00|00|00|00|00|00|00|00|00|00|00|00|00|00|00|00|00|00|00|00|00|00|00|00|00|00|00|00|00|00|00|00|00|00|00|00|00|00|00|00|00|00|00|00|00|00|00|00|00|00|00|00|00|00|00|00|00|00|00|00|
00|00|00|00|00|00|00|00|00|00|00|00|00|00|00|00|00|00|00|00|00|00|00|00|00|00|00|00|00|00|00|00|00|00|00|00|00|00|00|00|00|00|00|00|00|00|00|00|00|00|00|00|00|00|00|00|00|00|00|00|00|00|00|00|
00|00|00|00|00|00|00|00|00|00|00|00|00|00|00|00|00|00|00|00|00|00|00|00|00|00|00|00|00|00|00|00|00|00|00|00|00|00|00|00|00|00|00|00|00|00|00|00|00|00|00|00|00|00|00|00|00|00|00|00|00|00|00|00|
00|00|00|00|00|00|00|00|00|00|00|00|00|00|00|00|00|00|00|00|00|00|00|00|00|00|00|00|00|00|00|00|00|00|00|00|00|00|00|00|00|00|00|00|00|00|00|00|00|00|00|00|00|00|00|00|00|00|00|00|00|00|00|00|
00|00|00|00|00|00|00|00|00|00|00|00|00|00|00|00|00|00|00|00|00|00|00|00|00|00|00|00|00|00|00|00|00|00|00|00|00|00|00|00|00|00|00|00|00|00|00|00|00|00|00|00|00|00|00|00|00|00|00|00|00|00|00|00|
00|00|00|00|00|00|00|00|00|00|00|00|00|00|00|00|00|00|00|00|00|00|00|00|00|00|00|00|00|00|00|00|00|00|00|00|00|00|00|00|00|00|00|00|00|00|00|00|00|00|00|00|00|00|00|00|00|00|00|00|00|00|00|00|
00|00|00|00|00|00|00|00|00|00|00|00|00|00|00|00|00|00|00|00|00|00|00|00|00|00|00|00|00|00|00|00|00|00|00|00|00|00|00|00|00|00|00|00|00|00|00|00|00|00|00|00|00|00|00|00|00|00|00|00|00|00|00|00|
00|00|00|00|00|00|00|00|00|00|00|00|00|00|00|00|00|00|00|00|00|00|00|00|00|00|00|00|00|00|00|00|00|00|00|00|00|00|00|00|00|00|00|00|00|00|00|00|00|00|00|00|00|00|00|00|00|00|00|00|00|00|00|00|
00|00|00|00|00|00|00|00|00|00|00|00|00|00|00|00|00|00|00|00|00|00|00|00|00|00|00|00|00|00|00|00|00|00|00|00|00|00|00|00|00|00|00|00|00|00|00|00|00|00|00|00|00|00|00|00|00|00|00|00|00|00|00|00|
00|00|00|00|00|00|00|00|00|00|00|00|00|00|00|00|00|00|00|00|00|00|00|00|00|00|00|00|00|00|00|00|00|00|00|00|00|00|00|00|00|00|00|00|00|00|00|00|00|00|00|00|00|00|00|00|00|00|00|00|00|00|00|00|
00|00|00|00|00|00|00|00|00|00|00|00|00|00|00|00|00|00|00|00|00|00|00|00|00|00|00|00|00|00|00|00|00|00|00|00|00|00|00|00|00|00|00|00|00|00|00|00|00|00|00|00|00|00|00|00|00|00|00|00|00|00|00|00|
00|00|00|00|00|00|00|00|00|00|00|00|00|00|00|00|00|00|00|00|00|00|00|00|00|00|00|00|00|00|00|00|00|00|00|00|00|00|00|00|00|00|00|00|00|00|00|00|00|00|00|00|00|00|00|00|00|00|00|00|00|00|00|00|
00|00|00|00|00|00|00|00|00|00|00|00|00|00|00|00|00|00|00|00|00|00|00|00|00|00|00|00|00|00|00|00|00|00|00|00|00|00|00|00|00|00|00|00|00|00|00|00|00|00|00|00|00|00|00|00|00|00|00|00|00|00|00|00|
00|00|00|00|00|00|00|00|00|00|00|00|00|00|00|00|00|00|00|00|00|00|00|00|00|00|00|00|00|00|00|00|00|00|00|00|00|00|00|00|00|00|00|00|00|00|00|00|00|00|00|00|00|00|00|00|00|00|00|00|00|00|00|00|
00|00|00|00|00|00|00|00|00|00|00|00|00|00|00|00|00|00|00|00|00|00|00|00|00|00|00|00|00|00|00|00|00|00|00|00|00|00|00|00|00|00|00|00|00|00|00|00|00|00|00|00|00|00|00|00|00|00|00|00|00|00|00|00|
00|00|00|00|00|00|00|00|00|00|00|00|00|00|00|00|00|00|00|00|00|00|00|00|00|00|00|00|00|00|00|00|00|00|00|00|00|00|00|00|00|00|00|00|00|00|00|00|00|00|00|00|00|00|00|00|00|00|00|00|00|00|00|00|
00|00|00|00|00|00|00|00|00|00|00|00|00|00|00|00|00|00|00|00|00|00|00|00|00|00|00|00|00|00|00|00|00|00|00|00|00|00|00|00|00|00|00|00|00|00|00|00|00|00|00|00|00|00|00|00|00|00|00|00|00|00|00|00|
00|00|00|00|00|00|00|00|00|00|00|00|00|00|00|00|00|00|00|00|00|00|00|00|00|00|00|00|00|00|00|00|00|00|00|00|00|00|00|00|00|00|00|00|00|00|00|00|00|00|00|00|00|00|00|00|00|00|00|00|00|00|00|00|
00|00|00|00|00|00|00|00|00|00|00|00|00|00|00|00|00|00|00|00|00|00|00|00|00|00|00|00|00|00|00|00|00|00|00|00|00|00|00|00|00|00|00|00|00|00|00|00|00|00|00|00|00|00|00|00|00|00|00|00|00|00|00|00|
0B|68|01|00|0F|00|01|06|64|01|00|00|00|00|01|01|00|00|00|01|09|FF|FB|00|00|00|00|00|00|00|00|00|00|00|00|00|00|00|00|00|00|00|00|00|00|00|00|00|00|00|00|00|00|00|00|00|00|00|00|00|00|00|00|00|
00|00|00|00|00|00|00|00|00|00|00|00|00|00|00|00|00|00|00|00|00|00|00|00|00|00|00|00|00|00|00|00|00|00|00|00|00|00|00|00|00|00|00|00|00|00|00|00|00|00|00|00|00|00|00|00|00|00|00|00|00|00|00|00|
00|00|00|00|00|00|00|00|00|00|00|00|00|00|00|00|00|00|00|00|00|00|00|00|00|00|00|00|00|00|00|00|00|00|00|00|00|00|00|00|00|00|00|00|00|00|00|00|00|00|00|00|00|00|00|00|00|00|00|00|00|00|00|00|
00|00|00|00|00|00|00|00|00|00|00|00|00|00|00|00|00|00|00|00|00|00|00|00|00|00|00|00|00|00|00|00|00|00|00|00|00|00|00|00|00|00|00|00|00|00|00|00|00|00|00|00|00|00|00|00|00|00|00|00|00|00|00|00|
00|00|00|00|00|00|00|00|00|00|00|00|00|00|00|00|00|00|00|00|00|00|00|00|00|00|00|00|00|00|00|00|00|00|00|00|00|00|00|00|00|00|00|00|00|00|00|00|00|00|00|00|00|00|00|00|00|00|00|00|00|00|00|00|
00|00|00|00|00|00|00|00|00|00|00|00|00|00|00|00|00|00|00|00|00|00|00|00|00|00|00|00|00|00|00|00|00|00|00|00|00|00|00|00|00|00|00|00|00|00|00|00|00|00|00|00|00|00|00|00|00|00|00|00|00|00|00|00|
00|00|00|00|00|00|00|00|00|00|00|00|00|00|00|00|00|00|00|00|00|00|00|00|00|00|00|00|00|00|00|00|00|00|00|00|00|00|00|00|00|00|00|00|00|00|00|00|00|00|00|00|00|00|00|00|00|00|00|00|00|00|00|00|
00|00|00|00|00|00|00|00|00|00|00|00|00|00|00|00|00|00|00|00|00|00|00|00|00|00|00|00|00|00|00|00|00|00|00|00|00|00|00|00|00|00|00|00|00|00|00|00|00|00|00|00|00|00|00|00|00|00|00|00|00|00|00|00|
00|00|00|00|00|00|00|00|00|00|00|00|00|00|00|00|00|00|00|00|00|00|00|00|00|00|00|00|00|00|00|00|00|00|00|00|00|00|00|00|00|00|00|00|00|00|00|00|00|00|00|00|00|00|00|00|00|00|00|00|00|00|00|00|
00|00|00|00|00|00|00|00|00|00|00|00|00|00|00|00|00|00|00|00|00|00|00|00|00|00|00|00|00|00|00|00|00|00|00|00|00|00|00|00|00|00|00|00|00|00|00|00|00|00|00|00|00|00|00|00|00|00|00|00|00|00|00|00|
00|00|00|00|00|00|00|00|00|00|00|00|00|00|00|00|00|00|00|00|00|00|00|00|00|00|00|00|00|00|00|00|00|00|00|00|00|00|00|00|00|00|00|00|00|00|00|00|00|00|00|00|00|00|00|00|00|00|00|00|00|00|00|00|
00|00|00|00|00|00|00|00|00|00|00|00|00|00|00|00|00|00|00|00|00|00|00|00|00|00|00|00|00|00|00|00|00|00|00|00|00|00|00|00|00|00|00|00|00|00|00|00|00|00|00|00|00|00|00|00|00|00|00|00|00|00|00|00|
00|00|00|00|00|00|00|00|00|00|00|00|00|00|00|00|00|00|00|00|00|00|00|00|00|00|00|00|00|00|00|00|00|00|00|00|00|00|00|00|00|00|00|00|00|00|00|00|00|00|00|00|00|00|00|00|00|00|00|00|00|00|00|00|
00|00|00|00|00|00|00|00|00|00|00|00|00|00|00|00|00|00|00|00|00|00|00|00|00|00|00|00|00|00|00|00|00|00|00|00|00|00|00|00|00|00|00|00|00|00|00|00|00|00|00|00|00|00|00|00|00|00|00|00|00|00|00|00|
00|00|00|00|00|00|00|00|00|00|00|00|00|00|00|00|00|00|00|00|00|00|00|00|00|00|00|00|00|00|00|00|00|00|00|00|00|00|00|00|00|00|00|00|00|00|00|00|00|00|00|00|00|00|00|00|00|00|00|00|00|00|00|00|
00|00|00|00|00|00|00|00|00|00|00|00|00|00|00|00|00|00|00|00|00|00|00|00|00|00|00|00|00|00|00|00|00|00|00|00|00|00|00|00|00|00|00|00|00|00|00|00|00|00|00|00|00|00|00|00|00|00|00|00|00|00|00|00|
00|00|00|00|00|00|00|00|00|00|00|00|00|00|00|00|00|00|00|00|00|00|00|00|00|00|00|00|00|00|00|00|00|00|00|00|00|00|00|00|00|00|00|00|00|00|00|00|00|00|00|00|00|00|00|00|00|00|00|00|00|00|00|00|
00|00|00|00|00|00|00|00|00|00|00|00|00|00|00|00|00|00|00|00|00|00|00|00|00|00|00|00|00|00|00|00|00|00|00|00|00|00|00|00|00|00|00|00|00|00|00|00|00|00|00|00|00|00|00|00|00|00|00|00|00|00|00|00|
00|00|00|00|00|00|00|00|00|00|00|00|00|00|00|00|00|00|00|00|00|00|00|00|00|00|00|00|00|00|00|00|00|00|00|00|00|00|00|00|00|00|00|00|00|00|00|00|00|00|00|00|00|00|00|00|00|00|00|00|00|00|00|00|
00|00|00|00|00|00|00|00|00|00|00|00|00|00|00|00|00|00|00|00|00|00|00|00|00|00|00|00|00|00|00|00|00|00|00|00|00|00|00|00|00|00|00|00|00|00|00|00|00|00|00|00|00|00|00|00|00|00|00|00|00|00|00|00|
00|00|00|00|00|00|00|00|00|00|00|00|00|00|00|00|00|00|00|00|00|00|00|00|00|00|00|00|00|00|00|00|00|00|00|00|00|00|00|00|00|00|00|00|00|00|00|00|00|00|00|00|00|00|00|00|00|00|00|00|00|00|00|00|
00|00|00|00|00|00|00|00|00|00|00|00|00|00|00|00|00|00|00|00|00|00|00|00|00|00|00|00|00|00|00|00|00|00|00|00|00|00|00|00|00|00|00|00|00|00|00|00|00|00|00|00|00|00|00|00|00|00|00|00|00|00|00|00|
00|00|00|00|00|00|00|00|00|00|00|00|00|00|00|00|00|00|00|00|00|00|00|00|00|00|00|00|00|00|00|00|00|00|00|00|00|00|00|00|00|00|00|00|00|00|00|00|00|00|00|00|00|00|00|00|00|00|00|00|00|00|00|00|
00|00|00|00|00|00|00|00|00|00|00|00|00|00|00|00|00|00|00|00|00|00|00|00|00|00|00|00|00|00|00|00|00|00|00|00|00|00|00|00|00|00|00|00|00|00|00|00|00|00|00|00|00|00|00|00|00|00|00|00|00|00|00|00|
00|00|00|00|00|00|00|00|00|00|00|00|00|00|00|00|00|00|00|00|00|00|00|00|00|00|00|00|00|00|00|00|00|00|00|00|00|00|00|00|00|00|00|00|00|00|00|00|00|00|00|00|00|00|00|00|00|00|00|00|00|00|00|00|
00|00|00|00|00|00|00|00|00|00|00|00|00|00|00|00|00|00|00|00|00|00|00|00|00|00|00|00|00|00|00|00|00|00|00|00|00|00|00|00|00|00|00|00|00|00|00|00|00|00|00|00|00|00|00|00|00|00|00|00|00|00|00|00|
00|00|00|00|00|00|00|00|00|00|00|00|00|00|00|00|00|00|00|00|00|00|00|00|00|00|00|00|00|00|00|00|00|00|00|00|00|00|00|00|00|00|00|00|00|00|00|00|00|00|00|00|00|00|00|00|00|00|00|00|00|00|00|00|
00|00|00|00|00|00|00|00|00|00|00|00|00|00|00|00|00|00|00|00|00|00|00|00|00|00|00|00|00|00|00|00|00|00|00|00|00|00|00|00|00|00|00|00|00|00|00|00|00|00|00|00|00|00|00|00|00|00|00|00|00|00|00|00|
00|00|00|00|00|00|00|00|00|00|00|00|00|00|00|00|00|00|00|00|00|00|00|00|00|00|00|00|00|00|00|00|00|00|00|00|00|00|00|00|00|00|00|00|00|00|00|00|00|00|00|00|00|00|00|00|00|00|00|00|00|00|00|00|
00|00|00|00|00|00|00|00|00|00|00|00|00|00|00|00|00|00|00|00|00|00|00|00|00|00|00|00|00|00|00|00|00|00|00|00|00|00|00|00|00|00|00|00|00|00|00|00|00|00|00|00|00|00|00|00|00|00|00|00|00|00|00|00|
00|00|00|00|00|00|00|00|00|00|00|00|00|00|00|00|00|00|00|00|00|00|00|00|00|00|00|00|00|00|00|00|00|00|00|00|00|00|00|00|00|00|00|00|00|00|00|00|00|00|00|00|00|00|00|00|00|00|00|00|00|00|00|00|
00|00|00|00|00|00|00|00|00|00|00|00|00|00|00|00|00|00|00|00|00|00|00|00|00|00|00|00|00|00|00|00|00|00|00|00|00|00|00|00|00|00|00|00|00|00|00|00|00|00|00|00|00|00|00|00|00|00|00|00|00|00|00|00|Appli STI
reg = 1 f = 15 s = 1
Appli STI
reg = 1 f = 15 s = 1
